threshold,tn,fp,fn,tp
0,39,26,5,30
1,32,33,19,16
2,45,20,18,17
3,28,37,19,16
4,34,31,18,17
5,38,27,17,18
6,25,40,16,19
7,27,38,4,31
8,38,27,20,15
9,32,33,17,18
10,20,45,21,14
11,32,33,19,16
12,26,39,16,19
13,43,22,11,24
14,25,40,16,19
15,29,36,12,23
16,41,24,9,26
17,33,32,17,18
18,24,41,19,16
19,39,26,18,17
20,24,41,5,30
21,21,44,14,21
22,32,33,18,17
23,31,34,20,15
24,38,27,21,14
25,38,27,9,26
26,35,30,22,13
27,32,33,12,23
28,33,32,4,31
29,23,42,7,28
